% -------------------------------------------------------------------
%  Generated by MATLAB on 19-May-2025 10:53:49
%  MATLAB version: 24.2.0.2833386 (R2024b) Update 4
% -------------------------------------------------------------------
                                        

L1 = 10;

L2 = 10;

L3 = 5;

t1 = 1.5707963267948966;

t2 = 1.5707963267948966;

theta1 = 90;

theta2 = 90;

theta3 = 15;

x1 = 6.1232339957367663E-16;

x2 = -10;

y1 = 10;

y2 = 10.000000000000002;

z3 = -15;

